Forward Selection:
Running nearest neighbor with all 4 features, using “leaving-one-out” evaluation, I get an accuracy of 82.5%
Beginning search.
Using feature(s){1} 72.4
Using feature(s){2} 72.9
Using feature(s){3} 71.3
Using feature(s){4} 69.7
Using feature(s){5} 70.6
Using feature(s){6} 70.9
Using feature(s){7} 83.8
Using feature(s){8} 70.7
Using feature(s){9} 72.2
Using feature(s){10} 72.4
Using feature(s){11} 72.2
Using feature(s){12} 70.8
Using feature(s){13} 71.9
Using feature(s){14} 72.3
Using feature(s){15} 69.8
Using feature(s){16} 71.6
Using feature(s){17} 71.6
Using feature(s){18} 72.2
Using feature(s){19} 72.3
Using feature(s){20} 71.3
Using feature(s){21} 70.5
Using feature(s){22} 71.4
Using feature(s){23} 70.8
Using feature(s){24} 72.3
Using feature(s){25} 71.9
Using feature(s){26} 76.6
Using feature(s){27} 71.4
Using feature(s){28} 73.3
Using feature(s){29} 71.2
Using feature(s){30} 71.8
Using feature(s){31} 72.0
Using feature(s){32} 72.2
Using feature(s){33} 69.3
Using feature(s){34} 72.1
Using feature(s){35} 72.7
Using feature(s){36} 71.4
Using feature(s){37} 70.1
Using feature(s){38} 72.6
Using feature(s){39} 73.6
Using feature(s){40} 71.1
Using feature(s){41} 71.5
Using feature(s){42} 72.0
Using feature(s){43} 75.3
Using feature(s){44} 68.5
Using feature(s){45} 70.7
Using feature(s){46} 72.3
Using feature(s){47} 71.4
...
... [omitted 1229 lines] ...
...
Using feature(s){1,2,3,5,6,7,8,9,10,11,12,13,14,15,18,20,21,22,23,24,25,26,27,29,30,32,33,34,35,36,37,38,39,40,42,43,44,45,47,48,49,50} 72.8
Using feature(s){1,2,3,5,6,7,8,9,10,11,12,13,14,15,18,20,21,22,23,24,25,26,27,30,31,32,33,34,35,36,37,38,39,40,42,43,44,45,47,48,49,50} 72.5
Using feature(s){1,2,3,5,6,7,8,9,10,11,12,13,14,15,18,20,21,22,23,24,25,26,27,30,32,33,34,35,36,37,38,39,40,41,42,43,44,45,47,48,49,50} 73.5
Using feature(s){1,2,3,5,6,7,8,9,10,11,12,13,14,15,18,20,21,22,23,24,25,26,27,30,32,33,34,35,36,37,38,39,40,42,43,44,45,46,47,48,49,50} 73.0
Feature set {1,2,3,5,6,7,8,9,10,11,12,13,14,15,16,18,20,21,22,23,24,25,26,27,30,32,33,34,35,36,37,38,39,40,42,43,44,45,47,48,49,50} was best, accuracy is 74.2%
Using feature(s){1,2,3,4,5,6,7,8,9,10,11,12,13,14,15,16,18,20,21,22,23,24,25,26,27,30,32,33,34,35,36,37,38,39,40,42,43,44,45,47,48,49,50} 71.1
Using feature(s){1,2,3,5,6,7,8,9,10,11,12,13,14,15,16,17,18,20,21,22,23,24,25,26,27,30,32,33,34,35,36,37,38,39,40,42,43,44,45,47,48,49,50} 72.4
Using feature(s){1,2,3,5,6,7,8,9,10,11,12,13,14,15,16,18,19,20,21,22,23,24,25,26,27,30,32,33,34,35,36,37,38,39,40,42,43,44,45,47,48,49,50} 71.8
Using feature(s){1,2,3,5,6,7,8,9,10,11,12,13,14,15,16,18,20,21,22,23,24,25,26,27,28,30,32,33,34,35,36,37,38,39,40,42,43,44,45,47,48,49,50} 72.4
Using feature(s){1,2,3,5,6,7,8,9,10,11,12,13,14,15,16,18,20,21,22,23,24,25,26,27,29,30,32,33,34,35,36,37,38,39,40,42,43,44,45,47,48,49,50} 73.5
Using feature(s){1,2,3,5,6,7,8,9,10,11,12,13,14,15,16,18,20,21,22,23,24,25,26,27,30,31,32,33,34,35,36,37,38,39,40,42,43,44,45,47,48,49,50} 72.2
Using feature(s){1,2,3,5,6,7,8,9,10,11,12,13,14,15,16,18,20,21,22,23,24,25,26,27,30,32,33,34,35,36,37,38,39,40,41,42,43,44,45,47,48,49,50} 73.2
Using feature(s){1,2,3,5,6,7,8,9,10,11,12,13,14,15,16,18,20,21,22,23,24,25,26,27,30,32,33,34,35,36,37,38,39,40,42,43,44,45,46,47,48,49,50} 72.8
Feature set {1,2,3,5,6,7,8,9,10,11,12,13,14,15,16,18,20,21,22,23,24,25,26,27,29,30,32,33,34,35,36,37,38,39,40,42,43,44,45,47,48,49,50} was best, accuracy is 73.5%
Using feature(s){1,2,3,4,5,6,7,8,9,10,11,12,13,14,15,16,18,20,21,22,23,24,25,26,27,29,30,32,33,34,35,36,37,38,39,40,42,43,44,45,47,48,49,50} 71.5
Using feature(s){1,2,3,5,6,7,8,9,10,11,12,13,14,15,16,17,18,20,21,22,23,24,25,26,27,29,30,32,33,34,35,36,37,38,39,40,42,43,44,45,47,48,49,50} 72.0
Using feature(s){1,2,3,5,6,7,8,9,10,11,12,13,14,15,16,18,19,20,21,22,23,24,25,26,27,29,30,32,33,34,35,36,37,38,39,40,42,43,44,45,47,48,49,50} 72.3
Using feature(s){1,2,3,5,6,7,8,9,10,11,12,13,14,15,16,18,20,21,22,23,24,25,26,27,28,29,30,32,33,34,35,36,37,38,39,40,42,43,44,45,47,48,49,50} 72.8
Using feature(s){1,2,3,5,6,7,8,9,10,11,12,13,14,15,16,18,20,21,22,23,24,25,26,27,29,30,31,32,33,34,35,36,37,38,39,40,42,43,44,45,47,48,49,50} 71.7
Using feature(s){1,2,3,5,6,7,8,9,10,11,12,13,14,15,16,18,20,21,22,23,24,25,26,27,29,30,32,33,34,35,36,37,38,39,40,41,42,43,44,45,47,48,49,50} 72.1
Using feature(s){1,2,3,5,6,7,8,9,10,11,12,13,14,15,16,18,20,21,22,23,24,25,26,27,29,30,32,33,34,35,36,37,38,39,40,42,43,44,45,46,47,48,49,50} 71.8
Feature set {1,2,3,5,6,7,8,9,10,11,12,13,14,15,16,18,20,21,22,23,24,25,26,27,28,29,30,32,33,34,35,36,37,38,39,40,42,43,44,45,47,48,49,50} was best, accuracy is 72.8%
Using feature(s){1,2,3,4,5,6,7,8,9,10,11,12,13,14,15,16,18,20,21,22,23,24,25,26,27,28,29,30,32,33,34,35,36,37,38,39,40,42,43,44,45,47,48,49,50} 72.2
Using feature(s){1,2,3,5,6,7,8,9,10,11,12,13,14,15,16,17,18,20,21,22,23,24,25,26,27,28,29,30,32,33,34,35,36,37,38,39,40,42,43,44,45,47,48,49,50} 72.8
Using feature(s){1,2,3,5,6,7,8,9,10,11,12,13,14,15,16,18,19,20,21,22,23,24,25,26,27,28,29,30,32,33,34,35,36,37,38,39,40,42,43,44,45,47,48,49,50} 69.8
Using feature(s){1,2,3,5,6,7,8,9,10,11,12,13,14,15,16,18,20,21,22,23,24,25,26,27,28,29,30,31,32,33,34,35,36,37,38,39,40,42,43,44,45,47,48,49,50} 72.7
Using feature(s){1,2,3,5,6,7,8,9,10,11,12,13,14,15,16,18,20,21,22,23,24,25,26,27,28,29,30,32,33,34,35,36,37,38,39,40,41,42,43,44,45,47,48,49,50} 72.9
Using feature(s){1,2,3,5,6,7,8,9,10,11,12,13,14,15,16,18,20,21,22,23,24,25,26,27,28,29,30,32,33,34,35,36,37,38,39,40,42,43,44,45,46,47,48,49,50} 71.3
Feature set {1,2,3,5,6,7,8,9,10,11,12,13,14,15,16,18,20,21,22,23,24,25,26,27,28,29,30,32,33,34,35,36,37,38,39,40,41,42,43,44,45,47,48,49,50} was best, accuracy is 72.9%
Using feature(s){1,2,3,4,5,6,7,8,9,10,11,12,13,14,15,16,18,20,21,22,23,24,25,26,27,28,29,30,32,33,34,35,36,37,38,39,40,41,42,43,44,45,47,48,49,50} 73.6
Using feature(s){1,2,3,5,6,7,8,9,10,11,12,13,14,15,16,17,18,20,21,22,23,24,25,26,27,28,29,30,32,33,34,35,36,37,38,39,40,41,42,43,44,45,47,48,49,50} 72.3
Using feature(s){1,2,3,5,6,7,8,9,10,11,12,13,14,15,16,18,19,20,21,22,23,24,25,26,27,28,29,30,32,33,34,35,36,37,38,39,40,41,42,43,44,45,47,48,49,50} 70.2
Using feature(s){1,2,3,5,6,7,8,9,10,11,12,13,14,15,16,18,20,21,22,23,24,25,26,27,28,29,30,31,32,33,34,35,36,37,38,39,40,41,42,43,44,45,47,48,49,50} 72.6
Using feature(s){1,2,3,5,6,7,8,9,10,11,12,13,14,15,16,18,20,21,22,23,24,25,26,27,28,29,30,32,33,34,35,36,37,38,39,40,41,42,43,44,45,46,47,48,49,50} 72.2
Feature set {1,2,3,4,5,6,7,8,9,10,11,12,13,14,15,16,18,20,21,22,23,24,25,26,27,28,29,30,32,33,34,35,36,37,38,39,40,41,42,43,44,45,47,48,49,50} was best, accuracy is 73.6%
Using feature(s){1,2,3,4,5,6,7,8,9,10,11,12,13,14,15,16,17,18,20,21,22,23,24,25,26,27,28,29,30,32,33,34,35,36,37,38,39,40,41,42,43,44,45,47,48,49,50} 72.9
Using feature(s){1,2,3,4,5,6,7,8,9,10,11,12,13,14,15,16,18,19,20,21,22,23,24,25,26,27,28,29,30,32,33,34,35,36,37,38,39,40,41,42,43,44,45,47,48,49,50} 71.9
Using feature(s){1,2,3,4,5,6,7,8,9,10,11,12,13,14,15,16,18,20,21,22,23,24,25,26,27,28,29,30,31,32,33,34,35,36,37,38,39,40,41,42,43,44,45,47,48,49,50} 72.3
Using feature(s){1,2,3,4,5,6,7,8,9,10,11,12,13,14,15,16,18,20,21,22,23,24,25,26,27,28,29,30,32,33,34,35,36,37,38,39,40,41,42,43,44,45,46,47,48,49,50} 71.0
Feature set {1,2,3,4,5,6,7,8,9,10,11,12,13,14,15,16,17,18,20,21,22,23,24,25,26,27,28,29,30,32,33,34,35,36,37,38,39,40,41,42,43,44,45,47,48,49,50} was best, accuracy is 72.9%
Using feature(s){1,2,3,4,5,6,7,8,9,10,11,12,13,14,15,16,17,18,19,20,21,22,23,24,25,26,27,28,29,30,32,33,34,35,36,37,38,39,40,41,42,43,44,45,47,48,49,50} 70.9
Using feature(s){1,2,3,4,5,6,7,8,9,10,11,12,13,14,15,16,17,18,20,21,22,23,24,25,26,27,28,29,30,31,32,33,34,35,36,37,38,39,40,41,42,43,44,45,47,48,49,50} 71.6
Using feature(s){1,2,3,4,5,6,7,8,9,10,11,12,13,14,15,16,17,18,20,21,22,23,24,25,26,27,28,29,30,32,33,34,35,36,37,38,39,40,41,42,43,44,45,46,47,48,49,50} 71.4
Feature set {1,2,3,4,5,6,7,8,9,10,11,12,13,14,15,16,17,18,20,21,22,23,24,25,26,27,28,29,30,31,32,33,34,35,36,37,38,39,40,41,42,43,44,45,47,48,49,50} was best, accuracy is 71.6%
Using feature(s){1,2,3,4,5,6,7,8,9,10,11,12,13,14,15,16,17,18,19,20,21,22,23,24,25,26,27,28,29,30,31,32,33,34,35,36,37,38,39,40,41,42,43,44,45,47,48,49,50} 68.7
Using feature(s){1,2,3,4,5,6,7,8,9,10,11,12,13,14,15,16,17,18,20,21,22,23,24,25,26,27,28,29,30,31,32,33,34,35,36,37,38,39,40,41,42,43,44,45,46,47,48,49,50} 71.0
Feature set {1,2,3,4,5,6,7,8,9,10,11,12,13,14,15,16,17,18,20,21,22,23,24,25,26,27,28,29,30,31,32,33,34,35,36,37,38,39,40,41,42,43,44,45,46,47,48,49,50} was best, accuracy is 71.0%
Using feature(s){1,2,3,4,5,6,7,8,9,10,11,12,13,14,15,16,17,18,19,20,21,22,23,24,25,26,27,28,29,30,31,32,33,34,35,36,37,38,39,40,41,42,43,44,45,46,47,48,49,50} 69.2
Feature set {1,2,3,4,5,6,7,8,9,10,11,12,13,14,15,16,17,18,19,20,21,22,23,24,25,26,27,28,29,30,31,32,33,34,35,36,37,38,39,40,41,42,43,44,45,46,47,48,49,50} was best, accuracy is 69.2%
Finished search!! The best feature subset is {7,26}, which has an accuracy of 96.4%
Normalization time       : 1706 microseconds
Accuracy Computation time: 1400161618 microseconds
