Backward Elimination:
Using all features and 'random' evaluation, I get an accuracy of 69.2%
Beginning search.
Using feature(s) {2,3,4,5,6,7,8,9,10,11,12,13,14,15,16,17,18,19,20,21,22,23,24,25,26,27,28,29,30,31,32,33,34,35,36,37,38,39,40,41,42,43,44,45,46,47,48,49,50} 69.3%
Using feature(s) {1,3,4,5,6,7,8,9,10,11,12,13,14,15,16,17,18,19,20,21,22,23,24,25,26,27,28,29,30,31,32,33,34,35,36,37,38,39,40,41,42,43,44,45,46,47,48,49,50} 69.3%
Using feature(s) {1,2,4,5,6,7,8,9,10,11,12,13,14,15,16,17,18,19,20,21,22,23,24,25,26,27,28,29,30,31,32,33,34,35,36,37,38,39,40,41,42,43,44,45,46,47,48,49,50} 71.1%
Using feature(s) {1,2,3,5,6,7,8,9,10,11,12,13,14,15,16,17,18,19,20,21,22,23,24,25,26,27,28,29,30,31,32,33,34,35,36,37,38,39,40,41,42,43,44,45,46,47,48,49,50} 68.8%
Using feature(s) {1,2,3,4,6,7,8,9,10,11,12,13,14,15,16,17,18,19,20,21,22,23,24,25,26,27,28,29,30,31,32,33,34,35,36,37,38,39,40,41,42,43,44,45,46,47,48,49,50} 69.2%
Using feature(s) {1,2,3,4,5,7,8,9,10,11,12,13,14,15,16,17,18,19,20,21,22,23,24,25,26,27,28,29,30,31,32,33,34,35,36,37,38,39,40,41,42,43,44,45,46,47,48,49,50} 68.4%
Using feature(s) {1,2,3,4,5,6,8,9,10,11,12,13,14,15,16,17,18,19,20,21,22,23,24,25,26,27,28,29,30,31,32,33,34,35,36,37,38,39,40,41,42,43,44,45,46,47,48,49,50} 70.4%
Using feature(s) {1,2,3,4,5,6,7,9,10,11,12,13,14,15,16,17,18,19,20,21,22,23,24,25,26,27,28,29,30,31,32,33,34,35,36,37,38,39,40,41,42,43,44,45,46,47,48,49,50} 69.7%
Using feature(s) {1,2,3,4,5,6,7,8,10,11,12,13,14,15,16,17,18,19,20,21,22,23,24,25,26,27,28,29,30,31,32,33,34,35,36,37,38,39,40,41,42,43,44,45,46,47,48,49,50} 69.1%
Using feature(s) {1,2,3,4,5,6,7,8,9,11,12,13,14,15,16,17,18,19,20,21,22,23,24,25,26,27,28,29,30,31,32,33,34,35,36,37,38,39,40,41,42,43,44,45,46,47,48,49,50} 67.2%
Using feature(s) {1,2,3,4,5,6,7,8,9,10,12,13,14,15,16,17,18,19,20,21,22,23,24,25,26,27,28,29,30,31,32,33,34,35,36,37,38,39,40,41,42,43,44,45,46,47,48,49,50} 69.2%
Using feature(s) {1,2,3,4,5,6,7,8,9,10,11,13,14,15,16,17,18,19,20,21,22,23,24,25,26,27,28,29,30,31,32,33,34,35,36,37,38,39,40,41,42,43,44,45,46,47,48,49,50} 69.5%
Using feature(s) {1,2,3,4,5,6,7,8,9,10,11,12,14,15,16,17,18,19,20,21,22,23,24,25,26,27,28,29,30,31,32,33,34,35,36,37,38,39,40,41,42,43,44,45,46,47,48,49,50} 70.1%
Using feature(s) {1,2,3,4,5,6,7,8,9,10,11,12,13,15,16,17,18,19,20,21,22,23,24,25,26,27,28,29,30,31,32,33,34,35,36,37,38,39,40,41,42,43,44,45,46,47,48,49,50} 69.7%
Using feature(s) {1,2,3,4,5,6,7,8,9,10,11,12,13,14,16,17,18,19,20,21,22,23,24,25,26,27,28,29,30,31,32,33,34,35,36,37,38,39,40,41,42,43,44,45,46,47,48,49,50} 69.6%
Using feature(s) {1,2,3,4,5,6,7,8,9,10,11,12,13,14,15,17,18,19,20,21,22,23,24,25,26,27,28,29,30,31,32,33,34,35,36,37,38,39,40,41,42,43,44,45,46,47,48,49,50} 70.0%
Using feature(s) {1,2,3,4,5,6,7,8,9,10,11,12,13,14,15,16,18,19,20,21,22,23,24,25,26,27,28,29,30,31,32,33,34,35,36,37,38,39,40,41,42,43,44,45,46,47,48,49,50} 70.2%
Using feature(s) {1,2,3,4,5,6,7,8,9,10,11,12,13,14,15,16,17,19,20,21,22,23,24,25,26,27,28,29,30,31,32,33,34,35,36,37,38,39,40,41,42,43,44,45,46,47,48,49,50} 69.4%
Using feature(s) {1,2,3,4,5,6,7,8,9,10,11,12,13,14,15,16,17,18,20,21,22,23,24,25,26,27,28,29,30,31,32,33,34,35,36,37,38,39,40,41,42,43,44,45,46,47,48,49,50} 71.0%
Using feature(s) {1,2,3,4,5,6,7,8,9,10,11,12,13,14,15,16,17,18,19,21,22,23,24,25,26,27,28,29,30,31,32,33,34,35,36,37,38,39,40,41,42,43,44,45,46,47,48,49,50} 69.5%
Using feature(s) {1,2,3,4,5,6,7,8,9,10,11,12,13,14,15,16,17,18,19,20,22,23,24,25,26,27,28,29,30,31,32,33,34,35,36,37,38,39,40,41,42,43,44,45,46,47,48,49,50} 69.3%
Using feature(s) {1,2,3,4,5,6,7,8,9,10,11,12,13,14,15,16,17,18,19,20,21,23,24,25,26,27,28,29,30,31,32,33,34,35,36,37,38,39,40,41,42,43,44,45,46,47,48,49,50} 70.9%
Using feature(s) {1,2,3,4,5,6,7,8,9,10,11,12,13,14,15,16,17,18,19,20,21,22,24,25,26,27,28,29,30,31,32,33,34,35,36,37,38,39,40,41,42,43,44,45,46,47,48,49,50} 70.2%
Using feature(s) {1,2,3,4,5,6,7,8,9,10,11,12,13,14,15,16,17,18,19,20,21,22,23,25,26,27,28,29,30,31,32,33,34,35,36,37,38,39,40,41,42,43,44,45,46,47,48,49,50} 69.0%
Using feature(s) {1,2,3,4,5,6,7,8,9,10,11,12,13,14,15,16,17,18,19,20,21,22,23,24,26,27,28,29,30,31,32,33,34,35,36,37,38,39,40,41,42,43,44,45,46,47,48,49,50} 69.1%
Using feature(s) {1,2,3,4,5,6,7,8,9,10,11,12,13,14,15,16,17,18,19,20,21,22,23,24,25,27,28,29,30,31,32,33,34,35,36,37,38,39,40,41,42,43,44,45,46,47,48,49,50} 69.3%
Using feature(s) {1,2,3,4,5,6,7,8,9,10,11,12,13,14,15,16,17,18,19,20,21,22,23,24,25,26,28,29,30,31,32,33,34,35,36,37,38,39,40,41,42,43,44,45,46,47,48,49,50} 68.5%
Using feature(s) {1,2,3,4,5,6,7,8,9,10,11,12,13,14,15,16,17,18,19,20,21,22,23,24,25,26,27,29,30,31,32,33,34,35,36,37,38,39,40,41,42,43,44,45,46,47,48,49,50} 68.9%
Using feature(s) {1,2,3,4,5,6,7,8,9,10,11,12,13,14,15,16,17,18,19,20,21,22,23,24,25,26,27,28,30,31,32,33,34,35,36,37,38,39,40,41,42,43,44,45,46,47,48,49,50} 69.3%
Using feature(s) {1,2,3,4,5,6,7,8,9,10,11,12,13,14,15,16,17,18,19,20,21,22,23,24,25,26,27,28,29,31,32,33,34,35,36,37,38,39,40,41,42,43,44,45,46,47,48,49,50} 69.0%
Using feature(s) {1,2,3,4,5,6,7,8,9,10,11,12,13,14,15,16,17,18,19,20,21,22,23,24,25,26,27,28,29,30,32,33,34,35,36,37,38,39,40,41,42,43,44,45,46,47,48,49,50} 70.5%
Using feature(s) {1,2,3,4,5,6,7,8,9,10,11,12,13,14,15,16,17,18,19,20,21,22,23,24,25,26,27,28,29,30,31,33,34,35,36,37,38,39,40,41,42,43,44,45,46,47,48,49,50} 69.6%
Using feature(s) {1,2,3,4,5,6,7,8,9,10,11,12,13,14,15,16,17,18,19,20,21,22,23,24,25,26,27,28,29,30,31,32,34,35,36,37,38,39,40,41,42,43,44,45,46,47,48,49,50} 69.0%
Using feature(s) {1,2,3,4,5,6,7,8,9,10,11,12,13,14,15,16,17,18,19,20,21,22,23,24,25,26,27,28,29,30,31,32,33,35,36,37,38,39,40,41,42,43,44,45,46,47,48,49,50} 69.5%
Using feature(s) {1,2,3,4,5,6,7,8,9,10,11,12,13,14,15,16,17,18,19,20,21,22,23,24,25,26,27,28,29,30,31,32,33,34,36,37,38,39,40,41,42,43,44,45,46,47,48,49,50} 67.7%
Using feature(s) {1,2,3,4,5,6,7,8,9,10,11,12,13,14,15,16,17,18,19,20,21,22,23,24,25,26,27,28,29,30,31,32,33,34,35,37,38,39,40,41,42,43,44,45,46,47,48,49,50} 69.3%
Using feature(s) {1,2,3,4,5,6,7,8,9,10,11,12,13,14,15,16,17,18,19,20,21,22,23,24,25,26,27,28,29,30,31,32,33,34,35,36,38,39,40,41,42,43,44,45,46,47,48,49,50} 69.5%
Using feature(s) {1,2,3,4,5,6,7,8,9,10,11,12,13,14,15,16,17,18,19,20,21,22,23,24,25,26,27,28,29,30,31,32,33,34,35,36,37,39,40,41,42,43,44,45,46,47,48,49,50} 69.8%
Using feature(s) {1,2,3,4,5,6,7,8,9,10,11,12,13,14,15,16,17,18,19,20,21,22,23,24,25,26,27,28,29,30,31,32,33,34,35,36,37,38,40,41,42,43,44,45,46,47,48,49,50} 68.7%
Using feature(s) {1,2,3,4,5,6,7,8,9,10,11,12,13,14,15,16,17,18,19,20,21,22,23,24,25,26,27,28,29,30,31,32,33,34,35,36,37,38,39,41,42,43,44,45,46,47,48,49,50} 68.4%
Using feature(s) {1,2,3,4,5,6,7,8,9,10,11,12,13,14,15,16,17,18,19,20,21,22,23,24,25,26,27,28,29,30,31,32,33,34,35,36,37,38,39,40,42,43,44,45,46,47,48,49,50} 68.3%
Using feature(s) {1,2,3,4,5,6,7,8,9,10,11,12,13,14,15,16,17,18,19,20,21,22,23,24,25,26,27,28,29,30,31,32,33,34,35,36,37,38,39,40,41,43,44,45,46,47,48,49,50} 70.0%
Using feature(s) {1,2,3,4,5,6,7,8,9,10,11,12,13,14,15,16,17,18,19,20,21,22,23,24,25,26,27,28,29,30,31,32,33,34,35,36,37,38,39,40,41,42,44,45,46,47,48,49,50} 69.9%
Using feature(s) {1,2,3,4,5,6,7,8,9,10,11,12,13,14,15,16,17,18,19,20,21,22,23,24,25,26,27,28,29,30,31,32,33,34,35,36,37,38,39,40,41,42,43,45,46,47,48,49,50} 68.7%
Using feature(s) {1,2,3,4,5,6,7,8,9,10,11,12,13,14,15,16,17,18,19,20,21,22,23,24,25,26,27,28,29,30,31,32,33,34,35,36,37,38,39,40,41,42,43,44,46,47,48,49,50} 69.3%
Using feature(s) {1,2,3,4,5,6,7,8,9,10,11,12,13,14,15,16,17,18,19,20,21,22,23,24,25,26,27,28,29,30,31,32,33,34,35,36,37,38,39,40,41,42,43,44,45,47,48,49,50} 68.7%
Using feature(s) {1,2,3,4,5,6,7,8,9,10,11,12,13,14,15,16,17,18,19,20,21,22,23,24,25,26,27,28,29,30,31,32,33,34,35,36,37,38,39,40,41,42,43,44,45,46,48,49,50} 69.0%
...
... [omitted 1227 lines] ...
...
Using feature(s) {1,11,28,40,42,45,47,50} 72.7%
Using feature(s) {1,11,28,30,42,45,47,50} 74.1%
Using feature(s) {1,11,28,30,40,45,47,50} 74.0%
Using feature(s) {1,11,28,30,40,42,47,50} 74.0%
Using feature(s) {1,11,28,30,40,42,45,50} 74.6%
Using feature(s) {1,11,28,30,40,42,45,47} 74.5%
Feature set {1,11,28,30,40,42,45,50} was best, accuracy is 74.6%
Using feature(s) {11,28,30,40,42,45,50} 71.3%
Using feature(s) {1,28,30,40,42,45,50} 71.9%
Using feature(s) {1,11,30,40,42,45,50} 73.4%
Using feature(s) {1,11,28,40,42,45,50} 71.5%
Using feature(s) {1,11,28,30,42,45,50} 73.3%
Using feature(s) {1,11,28,30,40,45,50} 73.7%
Using feature(s) {1,11,28,30,40,42,50} 73.2%
Using feature(s) {1,11,28,30,40,42,45} 74.3%
Feature set {1,11,28,30,40,42,45} was best, accuracy is 74.3%
Using feature(s) {11,28,30,40,42,45} 72.9%
Using feature(s) {1,28,30,40,42,45} 70.8%
Using feature(s) {1,11,30,40,42,45} 72.6%
Using feature(s) {1,11,28,40,42,45} 70.7%
Using feature(s) {1,11,28,30,42,45} 73.3%
Using feature(s) {1,11,28,30,40,45} 74.7%
Using feature(s) {1,11,28,30,40,42} 72.5%
Feature set {1,11,28,30,40,45} was best, accuracy is 74.7%
Using feature(s) {11,28,30,40,45} 73.4%
Using feature(s) {1,28,30,40,45} 70.9%
Using feature(s) {1,11,30,40,45} 72.4%
Using feature(s) {1,11,28,40,45} 72.7%
Using feature(s) {1,11,28,30,45} 73.4%
Using feature(s) {1,11,28,30,40} 73.7%
Feature set {1,11,28,30,40} was best, accuracy is 73.7%
Using feature(s) {11,28,30,40} 72.2%
Using feature(s) {1,28,30,40} 70.9%
Using feature(s) {1,11,30,40} 70.2%
Using feature(s) {1,11,28,40} 70.6%
Using feature(s) {1,11,28,30} 71.9%
Feature set {11,28,30,40} was best, accuracy is 72.2%
Using feature(s) {28,30,40} 72.5%
Using feature(s) {11,30,40} 72.6%
Using feature(s) {11,28,40} 70.7%
Using feature(s) {11,28,30} 71.4%
Feature set {11,30,40} was best, accuracy is 72.6%
Using feature(s) {30,40} 73.2%
Using feature(s) {11,40} 71.4%
Using feature(s) {11,30} 72.5%
Feature set {30,40} was best, accuracy is 73.2%
Using feature(s) {40} 71.1%
Using feature(s) {30} 71.8%
Feature set {30} was best, accuracy is 71.8%
Finished search!! The best feature subset is {1,2,5,7,8,9,10,11,13,14,17,19,23,25,27,28,30,31,33,34,35,37,38,39,40,41,42,43,45,46,47,50}, which has an accuracy of 79.2%
Normalization time       : 2333 microseconds
Accuracy Computation time: 1854464469 microseconds
